1.2362
-0.85395
0.4563
1.1651
-0.27942
0.91667
2.1313
0.77986
1.3218
1.4176
0.97233
2.209
3.619
1.8659
2.9604
2.0067
3.1835
2.0664
3.3985
2.5142
2.4911
2.7414
3.0698
1.434
1.4308
1.6431
0.62204
2.0853
0.88999
0.80072
2.7895
0.70705
0.30706
-0.44803
0.72452
-0.79106
-0.76991
-1.337
-1.7628
-0.58622
-0.43374
-1.9317
-1.5099
-1.4066
-1.9
-2.509
-2.054
-2.3858
-0.88416
-2.0507
-2.2564
-2.5313
-3.5227
-3.962
-0.64659
-1.8339
-2.3752
-2.7675
-1.5726
-1.0535
-2.3106
-0.15253
-1.6022
-0.76342
0.37091
0.86718
-0.39129
0.15624
0.25397
0.85477
-0.27234
1.1019
-0.18768
2.0349
0.75383
1.4914
2.9747
2.6699
1.6486
2.5989
3.7666
2.1242
2.2105
3.389
2.6209
1.9334
2.1798
3.2118
2.3658
2.9594
1.0606
1.4575
1.3125
-0.80905
1.1256
0.9349
1.9229
0.52784
-1.7443
-0.66168
0.0052258
-0.50063
-0.33742
-0.74255
-0.88459
-0.5066
-1.575
-0.9104
-1.547
-0.91772
-2.4918
-2.878
-3.2416
-2.218
-2.429
-1.7117
-2.6641
-2.9676
-3.5871
-1.3475
-1.6652
-1.8887
-2.9597
-2.0115
-1.809
-0.5857
-1.11
-0.045883
-1.2079
-0.37187
-0.50042
0.63827
0.068359
0.52691
1.6709
0.81129
0.87869
1.4026
2.0375
3.6737
2.5122
2.5309
1.9208
2.3961
3.038
2.3321
2.791
2.5479
1.9795
1.0961
